=== NOMINAL, PASO DEL REGISTRO Y SUMA DE FASES EN PASOS ===
     med  paso_kW  nominal_modal  pct_muestras_nominal_modal  VA_med  VB_med  VC_med  Vmin_rel_min  Vmax_rel_max  r_pasos_p50  r_pasos_p99  r_pasos_p999  r_pasos_max  n_gt_1q  n_gt_1.5q  n_gt_2q  n_gt_3q  n_gt_5q  n_gt_10q  dP_med_global_pasos  dP_med_en_r_gt_2q_pasos  frac_r_gt_2q_con_dP_gt_5q  frac_r_gt_3q_con_dP_gt_5q
Cesmag 1    0.402          127.0                     100.000   130.0  128.80   130.0         0.466         1.059        0.027        1.002         1.032        4.920     7610         38        8        1        0         0                0.000                    3.948                      0.375                      0.000
Cesmag 2    0.201          127.0                     100.000   127.1  126.50   125.9         0.942         1.046        0.975        1.950         2.000        5.955    17154       2623      250        2        1         0                0.000                    4.920                      0.476                      0.000
Cesmag 3    0.402          127.0                     100.000   130.0  128.80   130.0         0.466         1.064        0.002        1.005         1.032        2.007    43890         47        8        0        0         0                0.000                    1.489                      0.000                        NaN
Cesmag 4    0.059          440.0                      64.717   434.7  432.65   434.7         0.930         1.041        0.807        1.050         1.958        4.134    51629       1181       82        3        0         0                0.000                    7.118                      0.671                      1.000
  HUDN 1    0.100          127.0                     100.000   128.8  128.20   128.2         0.932         1.073        0.030        1.030         1.040       13.910    25211         31       27       24       11         3                8.940                   10.930                      0.815                      0.875
  HUDN 2    0.201          127.0                     100.000   128.8  128.20   128.2         0.928         1.073        0.950        1.020         1.975        1.995    34121        275        0        0        0         0                0.000                      NaN                        NaN                        NaN
  HUDN 3    0.198          127.0                     100.000   128.8  128.20   128.2         0.928         1.073        0.030        1.033         1.970        3.043    66579        184      155        3        0         0                1.013                    0.987                      0.110                      0.333
  HUDN 4    0.100          127.0                     100.000   128.8  128.80   128.2         0.932         1.078        0.030        1.040         1.940        2.050    25645        183       49        0        0         0                4.000                    4.000                      0.327                        NaN
Marian 1    0.201          127.0                     100.000   128.2  128.20   129.4         0.150         1.055        0.025        1.025         1.035        9.900    25253        172       31       10        5         0                5.925                    4.950                      0.484                      0.500
Marian 2    0.050          127.0                     100.000   128.2  128.20   129.4         0.150         1.055        0.960        0.980         1.020        2.040      839         14        3        0        0         0                0.000                    1.020                      0.333                        NaN
Marian 3    0.050          127.0                     100.000   128.2  128.20   129.4         0.150         1.055        0.960        1.000         1.960        1.980     1704        552        0        0        0         0                0.000                      NaN                        NaN                        NaN
Marian 4      NaN          127.0                     100.000   128.2  128.20   129.4         0.150         1.055          NaN          NaN           NaN          NaN        0          0        0        0        0         0                  NaN                      NaN                        NaN                        NaN
   UCC 1    0.201          127.0                     100.000   127.1  130.00   128.2         0.924         1.055        0.025        1.025         1.035        9.900    24785          3        2        2        1         0                6.925                   21.241                      1.000                      1.000
   UCC 2    0.050          127.0                     100.000   127.1  130.00   128.2         0.919         1.055        0.060        1.020         1.040       12.940     8533          7        3        3        2         1                0.980                   12.940                      1.000                      1.000
   UCC 3    0.050          127.0                     100.000   127.1  130.00   128.2         0.919         1.055        0.020        1.020         1.040        1.060    14946          0        0        0        0         0               14.920                      NaN                        NaN                        NaN
   UCC 4    0.050          127.0                     100.000   127.1  130.00   127.6         0.919         1.055        0.020        1.020         1.040       15.960    11104          2        2        2        2         1                0.000                    8.460                      0.500                      0.500
Udenar 1    0.201          127.0                     100.000   128.2  129.40   128.2         0.924         1.046        0.025        1.025         1.035        2.005    22585          1        1        0        0         0                2.945                    2.950                      0.000                        NaN
Udenar 2      NaN          127.0                     100.000   128.2  128.80   128.2         0.919         1.046          NaN          NaN           NaN          NaN        0          0        0        0        0         0                  NaN                      NaN                        NaN                        NaN
Udenar 3    0.050          220.0                     100.000   222.5  222.50   220.8         0.857         1.043        0.040        1.020         1.040        1.980    58452          1        0        0        0         0                0.000                      NaN                        NaN                        NaN
Udenar 4    0.100          127.0                     100.000   129.4  129.40   130.5         0.965         1.087        0.980        1.020         1.020        2.990     8861         25        1        0        0         0                0.970                   14.920                      1.000                        NaN

=== CENSO 20 MEDIDORES (nominal corregido) ===
                      muestras  horas  muestras_en_horas  horas_mayoria  horas_quedan_lt23  horas_quedan_0  horas_incompletas  horas_completas  horas_adyacentes_vacia  energia_kWh  delta_kWh_quitar_muestras
bandera                                                                                                                                                                                                       
G_final_V10_f0.2_S3q      1349    167               4697             50                 58              33                 45              122                       8        570.1                        7.4
G_final_V10_f0.2_S5q      1321    139               3858             50                 58              33                 44               95                       8        390.6                        7.4
G_solo_S3q_V10             231     67               1848             10                 13               6                 15               52                       8        375.1                        2.2
S_1.5q                    5339   3439             102856             13                 41               0                128             3311                      10       -615.5                      -92.7
S_10q                        5      5                149              0                  0               0                  1                4                       0         30.3                       -0.1
S_2q                       622    555              16592              0                  2               0                 22              533                       1        334.9                        6.4
S_2q_o_2pct                621    554              16562              0                  2               0                 22              532                       1        341.7                        6.1
S_2q_o_5pct                567    504              15062              0                  2               0                 22              482                       1        155.9                        4.9
S_3q                        50     50               1497              0                  0               0                  3               47                       0        365.8                       -0.5
S_3q_o_10pct                25     25                748              0                  0               0                  2               23                       0        118.4                        0.1
S_3q_o_2pct                 50     50               1497              0                  0               0                  3               47                       0        365.8                       -0.5
S_3q_o_5pct                 39     39               1167              0                  0               0                  3               36                       0        228.8                       -0.1
S_4q                        32     32                957              0                  0               0                  3               29                       0        259.0                       -0.7
S_5q                        22     22                658              0                  0               0                  2               20                       0        186.4                       -0.6
S_8q                        13     13                388              0                  0               0                  2               11                       0        135.2                       -0.5
V_ntc_-10+5              81507   5920             177014           2554               3566             758                131             5789                      25      12735.9                    -1271.9
V_pm10                     181     17                351             10                 13               6                 12                5                       8          9.3                        2.8
V_pm15                     174     14                261             10                 13               6                 12                2                       8          7.3                        2.8
V_pm20                     174     14                261             10                 13               6                 12                2                       8          7.3                        2.8
V_pm50                     172     14                261             10                 13               4                 12                2                       8          7.3                        3.2
V_pm8                      329     53               1430             11                 20               6                 13               40                       8        -70.9                       11.9
f_59-61                      0      0                  0              0                  0               0                  0                0                       0          0.0                        0.0
f_59.5-60.5                785     39               1016             30                 36              21                 22               17                       3          5.5                       -2.8
f_59.7-60.3                793     41               1076             30                 36              24                 22               19                       3         16.0                       -3.0
f_59.8-60.2               1118    103               2900             40                 48              24                 33               70                       3        195.4                        5.6
f_59.9-60.1               2224    925              27380             44                 62              33                 66              859                       6       2596.8                      -63.5

=== CENSO SERIES DEL PIPELINE, por frontera ===
                               muestras  horas  muestras_en_horas  horas_mayoria  horas_quedan_lt23  horas_quedan_0  horas_incompletas  horas_completas  horas_adyacentes_vacia  energia_kWh  delta_kWh_quitar_muestras
frontera bandera                                                                                                                                                                                                       
M1       G_final_V10_f0.2_S3q       271     61               1743             10                 11               5                 12               49                       2        476.7                        5.8
         G_final_V10_f0.2_S5q       251     41               1144             10                 11               5                 11               30                       2        310.5                        5.7
         G_solo_S3q_V10             151     44               1248              6                  6               5                  8               36                       2        355.4                        2.7
         S_1.5q                     245    237               7097              0                  1               0                  6              231                       0       1990.3                       -0.5
         S_10q                        3      3                 89              0                  0               0                  1                2                       0         26.7                       -0.0
         S_2q                        69     69               2067              0                  0               0                  3               66                       0        639.7                       -0.6
         S_2q_o_2pct                 69     69               2067              0                  0               0                  3               66                       0        639.7                       -0.6
         S_2q_o_5pct                 46     46               1377              0                  0               0                  3               43                       0        370.7                       -0.3
         S_3q                        37     37               1107              0                  0               0                  3               34                       0        348.9                       -0.4
         S_3q_o_10pct                15     15                448              0                  0               0                  2               13                       0        112.7                        0.1
         S_3q_o_2pct                 37     37               1107              0                  0               0                  3               34                       0        348.9                       -0.4
         S_3q_o_5pct                 27     27                807              0                  0               0                  3               24                       0        216.8                       -0.0
         S_4q                        25     25                747              0                  0               0                  3               22                       0        254.1                       -0.6
         S_5q                        17     17                508              0                  0               0                  2               15                       0        182.6                       -0.5
         S_8q                        10     10                298              0                  0               0                  2                8                       0        126.7                       -0.4
         V_ntc_-10+5              16630   1152              34426            533                714             167                 25             1127                       6       9868.9                    -1273.7
         V_pm10                     114      7                141              6                  6               5                  5                2                       2          6.5                        3.2
         V_pm15                     114      7                141              6                  6               5                  5                2                       2          6.5                        3.2
         V_pm20                     114      7                141              6                  6               5                  5                2                       2          6.5                        3.2
         V_pm50                     113      7                141              6                  6               4                  5                2                       2          6.5                        3.3
         V_pm8                      114      7                141              6                  6               5                  5                2                       2          6.5                        3.2
         f_59-61                      0      0                  0              0                  0               0                  0                0                       0          0.0                        0.0
         f_59.5-60.5                  0      0                  0              0                  0               0                  0                0                       0          0.0                        0.0
         f_59.7-60.3                  1      1                 30              0                  0               0                  0                1                       0          8.9                       -0.0
         f_59.8-60.2                120     17                495              4                  5               0                  4               13                       0        121.3                        3.1
         f_59.9-60.1                426    226               6710              6                 10               4                 12              214                       1       1921.7                      -29.6
M3       G_final_V10_f0.2_S3q       252     41               1145             10                 11               5                 10               31                       2        157.5                        4.0
         G_final_V10_f0.2_S5q       244     33                905             10                 11               5                 10               23                       2        115.9                        3.7
         G_solo_S3q_V10             134     23                621              6                  6               5                  5               18                       2         84.3                        3.2
         S_1.5q                     404    356              10635              0                  2               0                 13              343                       1       1864.1                        0.5
         S_10q                        0      0                  0              0                  0               0                  0                0                       0          0.0                        0.0
         S_2q                       194    161               4800              0                  1               0                  7              154                       0        547.4                        0.2
         S_2q_o_2pct                194    161               4800              0                  1               0                  7              154                       0        547.4                        0.2
         S_2q_o_5pct                183    150               4470              0                  1               0                  7              143                       0        424.6                        0.1
         S_3q                        13     13                390              0                  0               0                  0               13                       0         75.8                        0.1
         S_3q_o_10pct                11     11                330              0                  0               0                  0               11                       0         58.7                        0.1
         S_3q_o_2pct                 13     13                390              0                  0               0                  0               13                       0         75.8                        0.1
         S_3q_o_5pct                 13     13                390              0                  0               0                  0               13                       0         75.8                        0.1
         S_4q                         6      6                180              0                  0               0                  0                6                       0         40.6                       -0.2
         S_5q                         5      5                150              0                  0               0                  0                5                       0         34.1                       -0.2
         S_8q                         2      2                 60              0                  0               0                  0                2                       0          9.5                       -0.1
         V_ntc_-10+5              17144   1171              34995            543                730             179                 27             1144                       6       2331.2                     -302.5
         V_pm10                     121     10                231              6                  6               5                  5                5                       2          8.5                        3.2
         V_pm15                     114      7                141              6                  6               5                  5                2                       2          6.5                        3.2
         V_pm20                     114      7                141              6                  6               5                  5                2                       2          6.5                        3.2
         V_pm50                     113      7                141              6                  6               4                  5                2                       2          6.5                        3.3
         V_pm8                      130     12                291              6                  6               5                  5                7                       2         14.9                        3.1
         f_59-61                      0      0                  0              0                  0               0                  0                0                       0          0.0                        0.0
         f_59.5-60.5                  0      0                  0              0                  0               0                  0                0                       0          0.0                        0.0
         f_59.7-60.3                  0      0                  0              0                  0               0                  0                0                       0          0.0                        0.0
         f_59.8-60.2                118     18                524              4                  5               0                  5               13                       0         73.2                        0.8
         f_59.9-60.1                428    223               6619              6                 10               4                 14              209                       1        716.5                      -33.5

=== POR MEDIDOR: muestras (m) y horas (h) para las bandas de referencia ===
bandera   V_ntc_-10+5  V_pm10  V_pm15  f_59.8-60.2  f_59.9-60.1  S_2q  S_3q  S_5q  S_10q  S_3q_o_5pct  G_final_V10_f0.2_S3q
med                                                                                                                        
Cesmag 1          358      15      15          103          226     8     1     0      0            1                   119
Cesmag 2            0       0       0            5           56   250     2     1      0            2                     7
Cesmag 3          367      15      15          101          227     8     0     0      0            0                   116
Cesmag 4            0       0       0           49          110    82     3     0      0            3                    52
HUDN 1          15764       0       0            4           68    27    24    11      3           15                    28
HUDN 2          15667       0       0            4           66     0     0     0      0            0                     4
HUDN 3          16243       0       0            5           68   155     3     0      0            3                     8
HUDN 4          18948       0       0            5           82    49     0     0      0            0                     5
Marian 1          415      99      99            4           43    31    10     5      0           10                   113
Marian 2          269      15      15          268          307     3     0     0      0            0                   283
Marian 3          321      15      15          269          309     0     0     0      0            0                   284
Marian 4          337      15      15          267          306     0     0     0      0            0                   282
UCC 1              93       0       0            5           46     2     2     1      0            1                     7
UCC 2             105       0       0            5           47     3     3     2      1            2                     8
UCC 3             112       0       0            4           47     0     0     0      0            0                     4
UCC 4              77       0       0            4           42     2     2     2      1            2                     6
Udenar 1            0       0       0            4           43     1     0     0      0            0                     4
Udenar 2            0       0       0            4           47     0     0     0      0            0                     4
Udenar 3            7       7       0            4           43     0     0     0      0            0                    11
Udenar 4        12424       0       0            4           41     1     0     0      0            0                     4

bandera   V_ntc_-10+5  V_pm10  V_pm15  f_59.8-60.2  f_59.9-60.1  S_2q  S_3q  S_5q  S_10q  S_3q_o_5pct  G_final_V10_f0.2_S3q
med                                                                                                                        
Cesmag 1           42       1       1            7           53     8     1     0      0            1                     9
Cesmag 2            0       0       0            4           39   236     2     1      0            2                     6
Cesmag 3           42       1       1            8           52     8     0     0      0            0                     9
Cesmag 4            0       0       0            4           42    63     3     0      0            3                     7
HUDN 1           1041       0       0            2           62    27    24    11      3           15                    26
HUDN 2           1041       0       0            2           58     0     0     0      0            0                     2
HUDN 3           1051       0       0            3           59   122     3     0      0            3                     6
HUDN 4           1174       0       0            3           75    49     0     0      0            0                     3
Marian 1           47       6       6            3           36    31    10     5      0           10                    19
Marian 2           32       2       2           15           49     2     0     0      0            0                    16
Marian 3           41       2       2           16           51     0     0     0      0            0                    17
Marian 4           43       2       2           16           48     0     0     0      0            0                    17
UCC 1              22       0       0            3           39     2     2     1      0            1                     5
UCC 2              26       0       0            3           41     3     3     2      1            2                     6
UCC 3              28       0       0            2           40     0     0     0      0            0                     2
UCC 4              18       0       0            2           35     2     2     2      1            2                     4
Udenar 1            0       0       0            2           36     1     0     0      0            0                     2
Udenar 2            0       0       0            3           39     0     0     0      0            0                     3
Udenar 3            3       3       0            2           36     0     0     0      0            0                     5
Udenar 4         1269       0       0            3           35     1     0     0      0            0                     3

=== ONCE HORAS: guardia con nominal corregido y suma en pasos ===
frontera    inst             hora  n  paso_kW  r_max_pasos  V_rel_min  V_rel_max  V_pm10  V_ntc  f_band  S_2q  S_3q  S_1p5q
      M1 Mariana 2025-04-24 08:00 30    0.201        1.975      0.969      1.009       0      0       0     0     0       1
      M1 Mariana 2025-04-24 09:00 30    0.201        1.005      0.969      0.996       0      0       0     0     0       0
      M1 Mariana 2025-04-24 10:00 30    0.201        1.005      0.969      0.996       0      0       0     0     0       0
      M1 Mariana 2025-10-01 09:00 30    0.201        1.035      0.987      1.009       0      0       0     0     0       0
      M3 Mariana 2025-04-24 08:00 30    0.201        1.975      0.969      1.009       0      0       0     0     0       1
      M3 Mariana 2025-04-24 09:00 30    0.201        1.005      0.969      0.996       0      0       0     0     0       0
      M3 Mariana 2025-04-24 10:00 30    0.201        1.005      0.969      0.996       0      0       0     0     0       0
      M3 Mariana 2025-10-01 09:00 30    0.201        1.035      0.987      1.009       0      0       0     0     0       0
      M3 Mariana 2025-08-14 08:00 30    0.201        1.005      0.983      1.014       0      0       0     0     0       0
      M3  Cesmag 2025-04-04 09:00 30    0.402        1.032      1.009      1.028       0      0       0     0     0       0
      M3  Cesmag 2025-05-09 09:00 30    0.402        1.005      1.005      1.024       0      0       0     0     0       0

=== DETALLE horas marcadas en las series del pipeline ===

--- V_pm10: 17 horas-serie
frontera    inst                hora  n_marc  n_hora  P_media_hora  P_marc  r_pasos_max  dP_pasos_med  Vmin  Vmax  fmin  fmax
      M1 Mariana 2025-08-28 23:00:00      14      18         6.470   5.522        1.000         2.975  19.0 130.0 59.95 60.03
      M1 Mariana 2025-08-29 07:00:00      17      17         0.264   0.264        0.975         0.000  42.6 129.4 59.95 60.03
      M1 Mariana 2025-08-29 08:00:00      28      28        -0.098  -0.098        0.975         0.000  54.0 129.4 59.94 60.04
      M1 Mariana 2025-08-29 09:00:00       3       3        -0.098  -0.098        0.975         0.000  33.3 128.2 59.98 60.04
      M1 Mariana 2025-08-29 10:00:00      30      30        -0.098  -0.098        0.975         0.000  33.9 128.2 59.94 60.04
      M1 Mariana 2025-08-29 11:00:00       7      30        -0.098  -0.098        0.975         0.000  35.1 127.6 59.97 60.02
      M1  Cesmag 2025-06-17 06:00:00      15      15         0.195   0.195        0.970         0.000  59.2 128.2 59.97 60.06
      M3  Udenar 2025-04-05 12:00:00       4      30         0.671   0.671        0.040         0.000 189.8 216.2 59.95 60.08
      M3  Udenar 2025-04-05 13:00:00       2      30         0.671   0.671        0.040         0.000 188.6 215.6 59.97 60.02
      M3  Udenar 2025-04-05 14:00:00       1      30         0.658   0.671        0.040         0.000 196.7 217.4 59.98 59.98
      M3 Mariana 2025-08-28 23:00:00      14      18         6.470   5.522        1.000         2.975  19.0 130.0 59.95 60.03
      M3 Mariana 2025-08-29 07:00:00      17      17         0.264   0.264        0.975         0.000  42.6 129.4 59.95 60.03
      M3 Mariana 2025-08-29 08:00:00      28      28        -0.098  -0.098        0.975         0.000  54.0 129.4 59.94 60.04
      M3 Mariana 2025-08-29 09:00:00       3       3        -0.098  -0.098        0.975         0.000  33.3 128.2 59.98 60.04
      M3 Mariana 2025-08-29 10:00:00      30      30        -0.098  -0.098        0.975         0.000  33.9 128.2 59.94 60.04
      M3 Mariana 2025-08-29 11:00:00       7      30        -0.098  -0.098        0.975         0.000  35.1 127.6 59.97 60.02
      M3  Cesmag 2025-06-17 06:00:00      15      15         0.195   0.195        0.000         0.000  59.2 128.2 59.96 60.06

--- f_59.8-60.2: 35 horas-serie
frontera    inst                hora  n_marc  n_hora  P_media_hora  P_marc  r_pasos_max  dP_pasos_med  Vmin  Vmax  fmin  fmax
      M1  Udenar 2025-08-15 00:00:00       3      30         5.073   4.604        0.975         0.975 128.2 131.1 60.23 60.30
      M1  Udenar 2025-08-24 19:00:00       1      30         4.955   5.066        0.000         2.950 128.2 129.4 60.28 60.28
      M1 Mariana 2025-08-15 00:00:00       2      30         7.804   7.650        1.000         3.950 129.4 131.7 60.25 60.30
      M1 Mariana 2025-08-24 19:00:00       1      30         6.618   6.457        0.970         2.975 127.6 129.4 60.27 60.27
      M1 Mariana 2025-10-04 18:00:00       1      30         8.631  11.627        0.005         8.900 127.1 128.2 60.22 60.22
      M1     UCC 2025-08-15 00:00:00       3      30         8.785   8.913        0.030         1.975 128.2 131.7 60.22 60.30
      M1     UCC 2025-08-24 19:00:00       1      30         8.387  10.632        1.000        11.876 127.6 130.5 60.27 60.27
      M1     UCC 2025-10-04 18:00:00       1      30         8.327   6.457        1.000         3.975 127.1 128.8 60.23 60.23
      M1    HUDN 2025-08-15 00:00:00       3      30         8.884   9.258        1.010         7.930 125.4 128.8 60.21 60.31
      M1    HUDN 2025-08-24 19:00:00       1      30         9.540  10.482        0.000        14.890 123.6 125.4 60.28 60.28
      M1  Cesmag 2025-04-04 16:00:00      27      30         6.809   6.704        1.030         0.973 128.2 129.4 60.21 60.29
      M1  Cesmag 2025-04-04 17:00:00      24      28         5.822   5.947        1.005         0.973 128.2 129.4 60.26 60.30
      M1  Cesmag 2025-06-17 07:00:00       3      22         5.549   5.370        1.000         0.000 128.2 128.8 60.21 60.22
      M1  Cesmag 2025-08-15 00:00:00       2      30         2.978   2.978        0.027         0.000 129.4 131.1 60.25 60.30
      M1  Cesmag 2025-08-24 19:00:00       1      30         2.978   2.978        0.027         0.000 129.4 130.5 60.27 60.27
      M1  Cesmag 2025-09-16 11:00:00      21      27         8.871   8.793        1.005         2.000 127.6 128.8 60.21 60.25
      M1  Cesmag 2025-09-16 12:00:00      25      28        11.270  10.945        1.005         3.948 127.6 128.8 60.24 60.25
      M3  Udenar 2025-08-15 00:00:00       3      30         0.326   0.273        1.000         0.000 221.4 226.0 60.23 60.30
      M3  Udenar 2025-08-24 19:00:00       1      30         0.488   0.471        1.020         2.000 221.4 223.7 60.28 60.28
      M3 Mariana 2025-08-15 00:00:00       2      30         7.804   7.650        1.000         3.950 129.4 131.7 60.25 60.30
      M3 Mariana 2025-08-24 19:00:00       1      30         6.618   6.457        0.970         2.975 127.6 129.4 60.27 60.27
      M3 Mariana 2025-10-04 18:00:00       1      30         8.631  11.627        0.005         8.900 127.1 128.2 60.22 60.22
      M3     UCC 2025-08-15 00:00:00       3      29         1.372   1.300        0.040        12.920 128.2 131.7 60.22 60.30
      M3     UCC 2025-08-24 19:00:00       1      30         1.298   1.863        0.040         5.980 127.6 130.5 60.27 60.27
      M3    HUDN 2025-08-15 00:00:00       3      30         1.509   1.556        1.033         1.013 125.4 128.8 60.22 60.30
      M3    HUDN 2025-08-24 19:00:00       1      30         1.610   1.489        0.020         0.000 123.6 125.4 60.28 60.28
      M3    HUDN 2025-10-04 18:00:00       1      30         1.808   1.690        1.033         2.000 128.8 130.5 60.22 60.22
      M3  Cesmag 2025-04-04 16:00:00      26      30         7.778   7.538        1.002         1.002 128.2 129.4 60.21 60.29
      M3  Cesmag 2025-04-04 17:00:00      24      28         5.450   5.813        1.002         1.975 128.2 129.4 60.26 60.30
      M3  Cesmag 2025-06-17 07:00:00       3      22         1.844   1.391        1.002         0.000 128.2 128.8 60.21 60.22
      M3  Cesmag 2025-08-15 00:00:00       2      30         1.270   1.190        1.002         1.000 129.4 131.1 60.25 60.30
      M3  Cesmag 2025-08-24 19:00:00       1      30         1.083   1.391        1.002         1.000 130.0 131.1 60.28 60.28
      M3  Cesmag 2025-09-16 11:00:00      19      27        13.169  12.667        1.002         1.975 127.6 128.8 60.21 60.25
      M3  Cesmag 2025-09-16 12:00:00      25      28         9.764   9.736        1.005         1.002 127.6 128.8 60.24 60.25
      M3  Cesmag 2025-10-04 18:00:00       1      30         1.391   1.391        1.002         0.000 127.1 128.8 60.21 60.21

--- S_3q: 50 horas-serie
frontera    inst                hora  n_marc  n_hora  P_media_hora  P_marc  r_pasos_max  dP_pasos_med  Vmin  Vmax  fmin  fmax
      M1 Mariana 2025-04-24 00:00:00       1      30         8.480   9.240        3.950         3.945 128.2 130.0 59.98 59.98
      M1 Mariana 2025-05-01 09:00:00       1      30         1.311   3.479        8.896         8.900 125.9 127.6 59.98 59.98
      M1 Mariana 2025-05-21 18:00:00       1      30         8.566   8.245        3.005         2.005 127.1 128.2 59.98 59.98
      M1 Mariana 2025-08-06 15:00:00       1      30        12.534   6.457        3.945        62.308 127.1 128.2 60.02 60.02
      M1 Mariana 2025-09-06 16:00:00       1      30         5.392   5.664        5.925         2.975 125.9 127.6 60.04 60.04
      M1 Mariana 2025-09-12 22:00:00       1      30         8.195  10.034        6.900        15.821 130.0 131.7 60.03 60.03
      M1 Mariana 2025-09-23 00:00:00       1      30         8.228   9.441        9.900         8.896 126.5 127.6 60.03 60.03
      M1 Mariana 2025-09-26 23:00:00       1      30        11.024  12.023        7.925         2.975 130.5 132.2 60.00 60.00
      M1 Mariana 2025-10-12 13:00:00       1      30        -1.192  -1.691        3.950         8.900 128.2 129.4 59.98 59.98
      M1 Mariana 2025-12-01 06:00:00       1      30         6.439   5.066        4.950         4.950 128.8 130.0 60.02 60.02
      M1     UCC 2025-05-23 08:00:00       1      30        52.302  58.328        9.900        34.587 120.8 128.8 60.00 60.00
      M1     UCC 2025-07-20 07:00:00       1      30         6.532   3.479        3.950         7.896 130.0 132.2 59.96 59.96
      M1    HUDN 2025-04-06 11:00:00       1      30         8.469   8.892        5.950        12.910 127.1 128.2 60.01 60.01
      M1    HUDN 2025-04-10 07:00:00       1      30         9.251   7.601        9.960        16.910 127.6 128.8 60.00 60.00
      M1    HUDN 2025-04-19 04:00:00       1      30         7.334   7.998        3.000        10.960 131.7 132.8 60.02 60.02
      M1    HUDN 2025-04-24 14:00:00       1      30         8.026   8.694       11.930         5.980 125.4 126.5 59.98 59.98
      M1    HUDN 2025-04-30 12:00:00       1      30         8.536   8.892        4.980        11.900 127.1 129.4 59.98 59.98
      M1    HUDN 2025-05-01 20:00:00       1      30         8.880  10.384        3.960        16.900 131.1 131.1 60.02 60.02
      M1    HUDN 2025-05-22 09:00:00       1      29         9.528   9.490        4.950        11.930 127.1 128.2 60.01 60.01
      M1    HUDN 2025-05-25 07:00:00       1      30         8.344   9.094        6.960         2.990 130.0 130.5 59.97 59.97
      M1    HUDN 2025-05-29 15:00:00       1      29         8.589  10.882       12.910        27.830 119.6 124.8 59.97 59.97
      M1    HUDN 2025-06-02 00:00:00       1      30         8.649   8.099        3.970        10.930 125.9 129.4 60.00 60.00
      M1    HUDN 2025-06-14 05:00:00       1      29         7.677   8.496        9.960        12.910 126.5 128.2 59.98 59.98
      M1    HUDN 2025-07-02 12:00:00       1      30         8.542   9.094        3.970        12.900 121.3 124.8 60.00 60.00
      M1    HUDN 2025-07-08 00:00:00       1      30         8.088   9.191        3.960        17.880 124.8 127.6 60.01 60.01
      M1    HUDN 2025-07-13 03:00:00       1      30         7.347   7.900        4.940        10.920 126.5 130.5 60.00 60.00
      M1    HUDN 2025-07-30 00:00:00       1      30         9.168   9.789        3.980         4.970 132.2 132.8 60.03 60.03
      M1    HUDN 2025-08-10 19:00:00       1      30         9.437  10.482        4.000         5.950 125.4 128.2 60.01 60.01
      M1    HUDN 2025-08-18 01:00:00       1      30         6.919   6.112        5.950        17.880 126.5 128.8 59.97 59.97
      M1    HUDN 2025-08-21 09:00:00       1      30         9.073   9.689        4.940        12.910 124.2 125.4 59.95 59.95
      M1    HUDN 2025-09-04 03:00:00       1      30         7.628   8.197        7.970         1.990 127.1 130.0 60.01 60.01
      M1    HUDN 2025-11-07 07:00:00       1      30        10.457  11.578        8.940        11.940 127.6 130.0 59.96 59.96
      M1    HUDN 2025-11-08 18:00:00       1      30        10.523  11.477        4.980        10.930 128.8 129.4 59.94 59.94
      M1    HUDN 2025-11-11 10:00:00       1      30        10.129   8.099       13.910         6.960 128.2 129.4 59.97 59.97
      M1    HUDN 2025-11-20 16:00:00       1      30         9.175   8.694        3.970         6.960 129.4 131.7 60.01 60.01
      M1    HUDN 2025-12-15 19:00:00       1      30        10.702  11.279        8.960         8.950 129.4 130.5 59.99 59.99
      M1  Cesmag 2025-09-23 15:00:00       1      30        10.572  11.328        4.920         3.948 129.4 131.1 60.03 60.03
      M3 Mariana 2025-04-24 00:00:00       1      30         8.480   9.240        3.950         3.945 128.2 130.0 59.98 59.98
      M3 Mariana 2025-05-01 09:00:00       1      30         1.311   3.479        8.896         8.900 125.9 127.6 59.98 59.98
      M3 Mariana 2025-05-21 18:00:00       1      30         8.566   8.245        3.005         2.005 127.1 128.2 59.98 59.98
      M3 Mariana 2025-08-06 15:00:00       1      30        12.534   6.457        3.945        62.308 127.1 128.2 60.02 60.02
      M3 Mariana 2025-09-06 16:00:00       1      30         5.392   5.664        5.925         2.975 125.9 127.6 60.04 60.04
      M3 Mariana 2025-09-12 22:00:00       1      30         8.195  10.034        6.900        15.821 130.0 131.7 60.03 60.03
      M3 Mariana 2025-09-23 00:00:00       1      30         8.228   9.441        9.900         8.896 126.5 127.6 60.03 60.03
      M3 Mariana 2025-09-26 23:00:00       1      30        11.024  12.023        7.925         2.975 130.5 132.2 60.00 60.00
      M3 Mariana 2025-10-12 13:00:00       1      30        -1.192  -1.691        3.950         8.900 128.2 129.4 59.98 59.98
      M3 Mariana 2025-12-01 06:00:00       1      30         6.439   5.066        4.950         4.950 128.8 130.0 60.02 60.02
      M3    HUDN 2025-07-24 14:00:00       1      30         2.231   1.886        3.043         3.013 128.8 129.4 60.03 60.03
      M3    HUDN 2025-09-21 21:00:00       1      30         2.073   2.087        3.033         5.013 125.9 128.2 59.98 59.98
      M3    HUDN 2025-10-28 00:00:00       1      30         2.477   2.087        3.043         2.000 131.1 131.7 59.95 59.95

LISTO 2
